%  year        uptake   uptake_lower uptake_upper
1765.50000    0.00708    0.00396    0.01074 
1766.50000    0.01765    0.00988    0.02676 
1767.50000    0.02636    0.01479    0.03992 
1768.50000    0.03481    0.01957    0.05267 
1769.50000    0.04278    0.02410    0.06467 
1770.50000    0.05073    0.02863    0.07662 
1771.50000    0.05783    0.03271    0.08726 
1772.50000    0.06431    0.03644    0.09694 
1773.50000    0.07128    0.04048    0.10735 
1774.50000    0.07788    0.04431    0.11718 
1775.50000    0.08430    0.04807    0.12672 
1776.50000    0.09078    0.05186    0.13632 
1777.50000    0.09623    0.05509    0.14437 
1778.50000    0.10231    0.05869    0.15334 
1779.50000    0.10794    0.06205    0.16163 
1780.50000    0.11325    0.06524    0.16943 
1781.50000    0.11866    0.06849    0.17735 
1782.50000    0.12431    0.07189    0.18561 
1783.50000    0.12904    0.07479    0.19248 
1784.50000    0.13414    0.07790    0.19989 
1785.50000    0.13841    0.08055    0.20605 
1786.50000    0.14346    0.08366    0.21338 
1787.50000    0.14786    0.08640    0.21969 
1788.50000    0.15221    0.08912    0.22593 
1789.50000    0.15602    0.09155    0.23136 
1790.50000    0.16038    0.09430    0.23759 
1791.50000    0.16419    0.09673    0.24298 
1792.50000    0.16802    0.09920    0.24840 
1793.50000    0.17136    0.10138    0.25308 
1794.50000    0.17498    0.10374    0.25816 
1795.50000    0.17761    0.10552    0.26176 
1796.50000    0.17999    0.10718    0.26499 
1797.50000    0.18160    0.10838    0.26705 
1798.50000    0.18346    0.10973    0.26949 
1799.50000    0.18447    0.11060    0.27066 
1800.50000    0.18554    0.11150    0.27191 
1801.50000    0.18647    0.11232    0.27296 
1802.50000    0.18673    0.11275    0.27301 
1803.50000    0.18734    0.11338    0.27357 
1804.50000    0.18718    0.11357    0.27299 
1805.50000    0.18712    0.11381    0.27256 
1806.50000    0.18701    0.11402    0.27206 
1807.50000    0.18627    0.11387    0.27062 
1808.50000    0.18590    0.11393    0.26974 
1809.50000    0.18518    0.11377    0.26834 
1810.50000    0.18504    0.11397    0.26779 
1811.50000    0.18384    0.11353    0.26569 
1812.50000    0.18254    0.11303    0.26343 
1813.50000    0.18147    0.11267    0.26153 
1814.50000    0.18042    0.11231    0.25965 
1815.50000    0.17926    0.11189    0.25762 
1816.50000    0.17750    0.11110    0.25470 
1817.50000    0.17612    0.11055    0.25235 
1818.50000    0.17502    0.11015    0.25041 
1819.50000    0.17410    0.10986    0.24874 
1820.50000    0.17234    0.10907    0.24586 
1821.50000    0.17132    0.10871    0.24404 
1822.50000    0.16919    0.10768    0.24061 
1823.50000    0.16809    0.10727    0.23870 
1824.50000    0.16676    0.10672    0.23644 
1825.50000    0.16474    0.10575    0.23319 
1826.50000    0.16306    0.10498    0.23042 
1827.50000    0.16160    0.10433    0.22799 
1828.50000    0.16029    0.10379    0.22580 
1829.50000    0.16010    0.10391    0.22523 
1830.50000    0.15910    0.10354    0.22347 
1831.50000    0.15800    0.10310    0.22158 
1832.50000    0.15704    0.10276    0.21990 
1833.50000    0.15716    0.10306    0.21979 
1834.50000    0.15740    0.10345    0.21985 
1835.50000    0.15795    0.10402    0.22037 
1836.50000    0.15824    0.10443    0.22049 
1837.50000    0.15949    0.10542    0.22202 
1838.50000    0.16122    0.10673    0.22425 
1839.50000    0.16307    0.10810    0.22663 
1840.50000    0.16573    0.10997    0.23018 
1841.50000    0.16794    0.11158    0.23309 
1842.50000    0.17085    0.11362    0.23699 
1843.50000    0.17294    0.11517    0.23971 
1844.50000    0.17548    0.11699    0.24306 
1845.50000    0.17836    0.11904    0.24690 
1846.50000    0.18027    0.12049    0.24934 
1847.50000    0.18246    0.12211    0.25217 
1848.50000    0.18440    0.12359    0.25464 
1849.50000    0.18662    0.12524    0.25750 
1850.50000    0.18839    0.12661    0.25970 
1851.50000    0.19097    0.12850    0.26307 
1852.50000    0.19329    0.13023    0.26607 
1853.50000    0.19581    0.13209    0.26933 
1854.50000    0.19864    0.13415    0.27305 
1855.50000    0.20166    0.13634    0.27702 
1856.50000    0.20454    0.13844    0.28079 
1857.50000    0.20792    0.14087    0.28526 
1858.50000    0.21122    0.14324    0.28960 
1859.50000    0.21520    0.14606    0.29492 
1860.50000    0.21934    0.14898    0.30045 
1861.50000    0.22393    0.15221    0.30662 
1862.50000    0.22803    0.15513    0.31207 
1863.50000    0.23278    0.15847    0.31844 
1864.50000    0.23765    0.16189    0.32496 
1865.50000    0.24293    0.16558    0.33206 
1866.50000    0.24803    0.16918    0.33889 
1867.50000    0.25418    0.17345    0.34721 
1868.50000    0.25939    0.17714    0.35415 
1869.50000    0.26606    0.18177    0.36317 
1870.50000    0.27225    0.18611    0.37149 
1871.50000    0.27826    0.19034    0.37954 
1872.50000    0.28565    0.19547    0.38952 
1873.50000    0.29189    0.19988    0.39785 
1874.50000    0.29930    0.20506    0.40783 
1875.50000    0.30623    0.20994    0.41711 
1876.50000    0.31360    0.21512    0.42699 
1877.50000    0.32092    0.22029    0.43678 
1878.50000    0.32854    0.22567    0.44698 
1879.50000    0.33554    0.23066    0.45627 
1880.50000    0.34304    0.23599    0.46626 
1881.50000    0.35055    0.24134    0.47623 
1882.50000    0.35802    0.24669    0.48614 
1883.50000    0.36446    0.25138    0.49456 
1884.50000    0.37149    0.25647    0.50380 
1885.50000    0.37807    0.26129    0.51240 
1886.50000    0.38432    0.26591    0.52051 
1887.50000    0.39065    0.27059    0.52870 
1888.50000    0.39719    0.27542    0.53718 
1889.50000    0.40249    0.27947    0.54391 
1890.50000    0.40773    0.28348    0.55054 
1891.50000    0.41286    0.28743    0.55699 
1892.50000    0.41788    0.29132    0.56327 
1893.50000    0.42278    0.29515    0.56937 
1894.50000    0.42854    0.29955    0.57667 
1895.50000    0.43324    0.30327    0.58247 
1896.50000    0.43862    0.30744    0.58920 
1897.50000    0.44432    0.31184    0.59638 
1898.50000    0.44961    0.31598    0.60295 
1899.50000    0.45543    0.32047    0.61025 
1900.50000    0.46211    0.32555    0.61873 
1901.50000    0.46851    0.33046    0.62681 
1902.50000    0.47485    0.33535    0.63479 
1903.50000    0.48202    0.34080    0.64392 
1904.50000    0.48949    0.34647    0.65343 
1905.50000    0.49638    0.35176    0.66212 
1906.50000    0.50383    0.35744    0.67156 
1907.50000    0.51195    0.36358    0.68191 
1908.50000    0.51901    0.36904    0.69078 
1909.50000    0.52634    0.37469    0.70000 
1910.50000    0.53384    0.38047    0.70943 
1911.50000    0.54059    0.38577    0.71780 
1912.50000    0.54792    0.39147    0.72695 
1913.50000    0.55445    0.39665    0.73499 
1914.50000    0.56024    0.40135    0.74198 
1915.50000    0.56775    0.40722    0.75134 
1916.50000    0.57399    0.41225    0.75892 
1917.50000    0.57980    0.41701    0.76589 
1918.50000    0.58549    0.42170    0.77268 
1919.50000    0.59202    0.42696    0.78059 
1920.50000    0.59746    0.43151    0.78701 
1921.50000    0.60356    0.43651    0.79431 
1922.50000    0.60865    0.44085    0.80022 
1923.50000    0.61445    0.44568    0.80708 
1924.50000    0.61929    0.44987    0.81260 
1925.50000    0.62390    0.45391    0.81780 
1926.50000    0.62817    0.45774    0.82252 
1927.50000    0.63199    0.46127    0.82661 
1928.50000    0.63549    0.46459    0.83025 
1929.50000    0.63806    0.46728    0.83262 
1930.50000    0.64097    0.47021    0.83543 
1931.50000    0.64371    0.47303    0.83801 
1932.50000    0.64484    0.47476    0.83838 
1933.50000    0.64628    0.47670    0.83917 
1934.50000    0.64713    0.47825    0.83916 
1935.50000    0.64787    0.47972    0.83900 
1936.50000    0.64785    0.48067    0.83779 
1937.50000    0.64755    0.48142    0.83620 
1938.50000    0.64685    0.48190    0.83407 
1939.50000    0.64651    0.48263    0.83243 
1940.50000    0.64661    0.48367    0.83140 
1941.50000    0.64606    0.48425    0.82948 
1942.50000    0.64670    0.48565    0.82917 
1943.50000    0.64769    0.48729    0.82933 
1944.50000    0.64970    0.48965    0.83088 
1945.50000    0.65247    0.49253    0.83345 
1946.50000    0.65665    0.49640    0.83791 
1947.50000    0.66217    0.50121    0.84418 
1948.50000    0.66804    0.50627    0.85091 
1949.50000    0.67616    0.51291    0.86065 
1950.50000    0.68509    0.52014    0.87148 
1951.50000    0.69466    0.52783    0.88313 
1952.50000    0.70680    0.53733    0.89823 
1953.50000    0.71928    0.54710    0.91374 
1954.50000    0.73369    0.55824    0.93182 
1955.50000    0.74934    0.57029    0.95152 
1956.50000    0.76658    0.58348    0.97332 
1957.50000    0.78593    0.59820    0.99792 
1958.50000    0.80563    0.61320    1.02292 
1959.50000    0.82739    0.62969    1.05063 
1960.50000    0.84979    0.64669    1.07914 
1961.50000    0.87278    0.66415    1.10838 
1962.50000    0.89602    0.68184    1.13789 
1963.50000    0.91953    0.69977    1.16770 
1964.50000    0.94401    0.71843    1.19874 
1965.50000    0.97317    0.74046    1.23596 
1966.50000    1.00517    0.76458    1.27690 
1967.50000    1.04097    0.79144    1.32280 
1968.50000    1.07968    0.82047    1.37250 
1969.50000    1.11881    0.84987    1.42265 
1970.50000    1.15870    0.87991    1.47371 
1971.50000    1.19765    0.90935    1.52339 
1972.50000    1.23778    0.93974    1.57456 
1973.50000    1.27714    0.96966    1.62458 
1974.50000    1.31482    0.99846    1.67227 
1975.50000    1.35261    1.02743    1.72000 
1976.50000    1.39220    1.05777    1.77001 
1977.50000    1.43504    1.09054    1.82422 
1978.50000    1.47931    1.12441    1.88020 
1979.50000    1.52314    1.15807    1.93548 
1980.50000    1.56536    1.19068    1.98851 
1981.50000    1.60437    1.22107    2.03720 
1982.50000    1.64329    1.25148    2.08565 
1983.50000    1.68182    1.28170    2.13349 
1984.50000    1.72027    1.31194    2.18111 
1985.50000    1.75871    1.34226    2.22861 
1986.50000    1.79546    1.37145    2.27379 
1987.50000    1.82985    1.39901    2.31577 
1988.50000    1.85920    1.42300    2.35101 
1989.50000    1.87975    1.44067    2.37463 
1990.50000    1.89245    1.45268    2.38789 
1991.50000    1.90087    1.46161    2.39549 
1992.50000    1.90893    1.47031    2.40261 
1993.50000    1.92313    1.48348    2.41773 
1994.50000    1.94660    1.50346    2.44496 
1995.50000    1.97837    1.52953    2.48298 
1996.50000    2.01467    1.55900    2.52684 
1997.50000    2.05385    1.59064    2.57435 
1998.50000    2.09345    1.62268    2.62231 
1999.50000    2.13167    1.65379    2.66837 
2000.50000    2.16990    1.68500    2.71433 
2001.50000    2.20878    1.71678    2.76103 
2002.50000    2.24991    1.75029    2.81056 
2003.50000    2.29261    1.78505    2.86202 
2004.50000    2.33424    1.81912    2.91197 
2005.50000    2.37296    1.85113    2.95802 
2006.50000    2.40775    1.88033    2.99887 
2007.50000    2.43925    1.90718    3.03535 
2008.50000    2.46868    1.93257    3.06907 
2009.50000    2.49805    1.95798    3.10263 
2010.50000    2.52622    1.98257    3.13456 
2011.50000    2.63400    2.06625    3.26938 
2012.50000    2.79600    2.19044    3.47400 
2013.50000    2.84500    2.23101    3.53221 
